---------------------------------------------------------------

Case 5
Refractive index = 0.7500+0.0000j
Size parameter = 0.0990

bhmie, Python implementation:
Angle  Cosine              S1                        S2             Intensity         Polzn
0.00   1.0000   1.81753e-08  1.65410e-04   1.81753e-08  1.65410e-04     TBD             TBD
                ( 0.99999)   (-0.99993)    ( 0.99999)   (-0.99993)
0.52   0.8660   1.81753e-08  1.65374e-04   1.57403e-08  1.43210e-04     TBD             TBD
                ( 0.99999)   (-0.99996)    ( 0.99999)   (-0.99995)
1.05   0.5000   1.81753e-08  1.65270e-04   9.08767e-09  8.26132e-05     TBD             TBD
                ( 0.99999)   (-1.00000)    ( 0.99999)   (-1.00001)
1.57   0.0000   1.81753e-08  1.65118e-04   1.55735e-15 -2.78631e-08     TBD             TBD
                ( 0.99999)   (-1.00001)    ( 15895874.12965)   (-0.94825)
2.09  -0.5000   1.81753e-08  1.64962e-04  -9.08765e-09 -8.25049e-05     TBD             TBD
                ( 0.99998)   (-0.99999)    ( 0.99998)   (-1.00002)
2.62  -0.8660   1.81753e-08  1.64850e-04  -1.57403e-08 -1.42774e-04     TBD             TBD
                ( 0.99998)   (-0.99999)    ( 0.99998)   (-1.00001)
3.14  -1.0000   1.81753e-08  1.64810e-04  -1.81753e-08 -1.64810e-04     TBD             TBD
                ( 0.99998)   (-1.00000)    ( 0.99998)   (-1.00000)
bhmie, FORTRAN implementation:
Angle  Cosine              S1                        S2             Intensity         Polzn
0.00   1.0000   1.81756e-08  1.65423e-04   1.81756e-08  1.65423e-04     TBD             TBD
                ( 1.00000)   (-1.00000)    ( 1.00000)   (-1.00000)
0.52   0.8660   1.81756e-08  1.65382e-04   1.57405e-08  1.43217e-04     TBD             TBD
                ( 1.00000)   (-1.00000)    ( 1.00000)   (-1.00000)
1.05   0.5000   1.81756e-08  1.65269e-04   9.08780e-09  8.26126e-05     TBD             TBD
                ( 1.00000)   (-1.00000)    ( 1.00000)   (-1.00000)
1.57   0.0000   1.81756e-08  1.65116e-04   1.51092e-15 -2.93838e-08     TBD             TBD
                ( 1.00000)   (-1.00000)    ( 15421977.13557)   (-1.00000)
2.09  -0.5000   1.81756e-08  1.64963e-04  -9.08778e-09 -8.25036e-05     TBD             TBD
                ( 1.00000)   (-1.00000)    ( 1.00000)   (-1.00000)
2.62  -0.8660   1.81756e-08  1.64851e-04  -1.57405e-08 -1.42773e-04     TBD             TBD
                ( 1.00000)   (-1.00000)    ( 1.00000)   (-1.00000)
3.14  -1.0000   1.81756e-08  1.64810e-04  -1.81756e-08 -1.64810e-04     TBD             TBD
                ( 1.00000)   (-1.00000)    ( 1.00000)   (-1.00000)
Calling MATLAB single-file implementation
Angle  Cosine              S1                        S2             Intensity         Polzn
0.00   1.0000   1.81760e-08  1.65420e-04   1.81760e-08  1.65420e-04     TBD             TBD
                ( 1.00002)   (-0.99998)    ( 1.00002)   (-0.99998)
0.52   0.8660   1.81760e-08  1.65380e-04   1.57410e-08  1.43220e-04     TBD             TBD
                ( 1.00002)   (-0.99999)    ( 1.00003)   (-1.00002)
1.05   0.5000   1.81760e-08  1.65270e-04   9.08780e-09  8.26130e-05     TBD             TBD
                ( 1.00002)   (-1.00000)    ( 1.00000)   (-1.00000)
1.57   0.0000   1.81760e-08  1.65120e-04   1.51100e-15 -2.93840e-08     TBD             TBD
                ( 1.00002)   (-1.00002)    ( 15422796.31335)   (-1.00001)
2.09  -0.5000   1.81760e-08  1.64960e-04  -9.08780e-09 -8.25040e-05     TBD             TBD
                ( 1.00002)   (-0.99998)    ( 1.00000)   (-1.00000)
2.62  -0.8660   1.81760e-08  1.64850e-04  -1.57400e-08 -1.42770e-04     TBD             TBD
                ( 1.00002)   (-0.99999)    ( 0.99997)   (-0.99998)
3.14  -1.0000   1.81760e-08  1.64810e-04  -1.81760e-08 -1.64810e-04     TBD             TBD
                ( 1.00002)   (-1.00000)    ( 1.00002)   (-1.00000)
Calling MATLAB multi-file
Angle  Cosine              S1                        S2             Intensity         Polzn
0.00   1.0000   1.81760e-08  1.65420e-04   1.81760e-08  1.65420e-04     TBD             TBD
                ( 1.00002)   (-0.99998)    ( 1.00002)   (-0.99998)
0.52   0.8660   1.81760e-08  1.65380e-04   1.57410e-08  1.43220e-04     TBD             TBD
                ( 1.00002)   (-0.99999)    ( 1.00003)   (-1.00002)
1.05   0.5000   1.81760e-08  1.65270e-04   9.08780e-09  8.26130e-05     TBD             TBD
                ( 1.00002)   (-1.00000)    ( 1.00000)   (-1.00000)
1.57   0.0000   1.81760e-08  1.65120e-04   1.51090e-15 -2.93840e-08     TBD             TBD
                ( 1.00002)   (-1.00002)    ( 15421775.04289)   (-1.00001)
2.09  -0.5000   1.81760e-08  1.64960e-04  -9.08780e-09 -8.25040e-05     TBD             TBD
                ( 1.00002)   (-0.99998)    ( 1.00000)   (-1.00000)
2.62  -0.8660   1.81760e-08  1.64850e-04  -1.57400e-08 -1.42770e-04     TBD             TBD
                ( 1.00002)   (-0.99999)    ( 0.99997)   (-0.99998)
3.14  -1.0000   1.81760e-08  1.64810e-04  -1.81760e-08 -1.64810e-04     TBD             TBD
                ( 1.00002)   (-1.00000)    ( 1.00002)   (-1.00000)
---------------------------------------------------------------

Case 6
Refractive index = 0.7500+0.0000j
Size parameter = 0.1010

bhmie, Python implementation:
Angle  Cosine              S1                        S2             Intensity         Polzn
0.00   1.0000   2.04857e-08  1.75565e-04   2.04857e-08  1.75565e-04     TBD             TBD
                ( 0.99991)   (-0.99956)    ( 0.99991)   (-0.99956)
0.52   0.8660   2.04857e-08  1.75551e-04   1.77412e-08  1.52018e-04     TBD             TBD
                ( 0.99991)   (-0.99974)    ( 0.99991)   (-0.99970)
1.05   0.5000   2.04857e-08  1.75476e-04   1.02429e-08  8.77155e-05     TBD             TBD
                ( 0.99991)   (-1.00002)    ( 0.99991)   (-1.00004)
1.57   0.0000   2.04857e-08  1.75313e-04   2.12951e-15 -2.28283e-08     TBD             TBD
                ( 0.99991)   (-1.00005)    ( 1.15417)   (-0.70300)
2.09  -0.5000   2.04857e-08  1.75126e-04  -1.02428e-08 -8.75998e-05     TBD             TBD
                ( 0.99991)   (-0.99995)    ( 0.99991)   (-1.00010)
2.62  -0.8660   2.04857e-08  1.75003e-04  -1.77411e-08 -1.51579e-04     TBD             TBD
                ( 0.99991)   (-0.99996)    ( 0.99991)   (-1.00005)
3.14  -1.0000   2.04857e-08  1.74965e-04  -2.04857e-08 -1.74965e-04     TBD             TBD
                ( 0.99991)   (-1.00000)    ( 0.99991)   (-1.00000)
bhmie, FORTRAN implementation:
Angle  Cosine              S1                        S2             Intensity         Polzn
0.00   1.0000   2.04875e-08  1.75642e-04   2.04875e-08  1.75642e-04     TBD             TBD
                ( 1.00000)   (-1.00000)    ( 1.00000)   (-1.00000)
0.52   0.8660   2.04875e-08  1.75597e-04   1.77427e-08  1.52063e-04     TBD             TBD
                ( 1.00000)   (-1.00000)    ( 1.00000)   (-1.00000)
1.05   0.5000   2.04875e-08  1.75473e-04   1.02438e-08  8.77119e-05     TBD             TBD
                ( 1.00000)   (-1.00000)    ( 1.00000)   (-1.00000)
1.57   0.0000   2.04875e-08  1.75303e-04   1.84506e-15 -3.24727e-08     TBD             TBD
                ( 1.00000)   (-1.00000)    ( 1.00000)   (-1.00000)
2.09  -0.5000   2.04875e-08  1.75134e-04  -1.02437e-08 -8.75914e-05     TBD             TBD
                ( 1.00000)   (-1.00000)    ( 1.00000)   (-1.00000)
2.62  -0.8660   2.04875e-08  1.75010e-04  -1.77427e-08 -1.51571e-04     TBD             TBD
                ( 1.00000)   (-1.00000)    ( 1.00000)   (-1.00000)
3.14  -1.0000   2.04875e-08  1.74965e-04  -2.04875e-08 -1.74965e-04     TBD             TBD
                ( 1.00000)   (-1.00000)    ( 1.00000)   (-1.00000)
Calling MATLAB single-file implementation
Angle  Cosine              S1                        S2             Intensity         Polzn
0.00   1.0000   2.04880e-08  1.75640e-04   2.04880e-08  1.75640e-04     TBD             TBD
                ( 1.00002)   (-0.99999)    ( 1.00002)   (-0.99999)
0.52   0.8660   2.04880e-08  1.75600e-04   1.77430e-08  1.52060e-04     TBD             TBD
                ( 1.00002)   (-1.00002)    ( 1.00002)   (-0.99998)
1.05   0.5000   2.04880e-08  1.75470e-04   1.02440e-08  8.77120e-05     TBD             TBD
                ( 1.00002)   (-0.99999)    ( 1.00002)   (-1.00000)
1.57   0.0000   2.04880e-08  1.75300e-04   1.84520e-15 -3.24730e-08     TBD             TBD
                ( 1.00002)   (-0.99998)    ( 1.00008)   (-1.00001)
2.09  -0.5000   2.04870e-08  1.75130e-04  -1.02440e-08 -8.75910e-05     TBD             TBD
                ( 0.99998)   (-0.99998)    ( 1.00002)   (-0.99999)
2.62  -0.8660   2.04870e-08  1.75010e-04  -1.77430e-08 -1.51570e-04     TBD             TBD
                ( 0.99998)   (-1.00000)    ( 1.00002)   (-0.99999)
3.14  -1.0000   2.04870e-08  1.74970e-04  -2.04870e-08 -1.74970e-04     TBD             TBD
                ( 0.99998)   (-1.00003)    ( 0.99998)   (-1.00003)
Calling MATLAB multi-file
Angle  Cosine              S1                        S2             Intensity         Polzn
0.00   1.0000   2.04880e-08  1.75640e-04   2.04880e-08  1.75640e-04     TBD             TBD
                ( 1.00002)   (-0.99999)    ( 1.00002)   (-0.99999)
0.52   0.8660   2.04880e-08  1.75600e-04   1.77430e-08  1.52060e-04     TBD             TBD
                ( 1.00002)   (-1.00002)    ( 1.00002)   (-0.99998)
1.05   0.5000   2.04880e-08  1.75470e-04   1.02440e-08  8.77120e-05     TBD             TBD
                ( 1.00002)   (-0.99999)    ( 1.00002)   (-1.00000)
1.57   0.0000   2.04880e-08  1.75300e-04   1.84510e-15 -3.24730e-08     TBD             TBD
                ( 1.00002)   (-0.99998)    ( 1.00002)   (-1.00001)
2.09  -0.5000   2.04870e-08  1.75130e-04  -1.02440e-08 -8.75910e-05     TBD             TBD
                ( 0.99998)   (-0.99998)    ( 1.00002)   (-0.99999)
2.62  -0.8660   2.04870e-08  1.75010e-04  -1.77430e-08 -1.51570e-04     TBD             TBD
                ( 0.99998)   (-1.00000)    ( 1.00002)   (-0.99999)
3.14  -1.0000   2.04870e-08  1.74970e-04  -2.04870e-08 -1.74970e-04     TBD             TBD
                ( 0.99998)   (-1.00003)    ( 0.99998)   (-1.00003)
---------------------------------------------------------------

Case 7
Refractive index = 0.7500+0.0000j
Size parameter = 10.0000

bhmie, Python implementation:
Angle  Cosine              S1                        S2             Intensity         Polzn
0.00   1.0000   5.58066e+01  9.75811e+00   5.58066e+01  9.75811e+00     TBD             TBD
                ( 1.00000)   (-1.00000)    ( 1.00000)   (-1.00000)
0.52   0.8660  -7.67288e+00 -1.08732e+01  -1.09292e+01 -9.62967e+00     TBD             TBD
                ( 1.00000)   (-1.00000)    ( 1.00000)   (-1.00000)
1.05   0.5000   3.58789e+00  1.75618e+00   3.42741e+00 -8.08269e-02     TBD             TBD
                ( 1.00000)   (-1.00000)    ( 1.00000)   (-1.00000)
1.57   0.0000  -1.78590e+00  5.23285e-02  -5.14875e-01  7.02729e-01     TBD             TBD
                ( 1.00000)   (-1.00000)    ( 1.00000)   (-1.00000)
2.09  -0.5000   1.53797e+00  8.32936e-02  -6.90834e-01 -2.15269e-01     TBD             TBD
                ( 1.00000)   (-1.00000)    ( 1.00000)   (-1.00000)
2.62  -0.8660  -4.14043e-01 -1.87685e-01   5.24756e-01  1.92339e-01     TBD             TBD
                ( 1.00000)   (-1.00000)    ( 1.00000)   (-1.00000)
3.14  -1.0000  -1.07857e+00  3.60881e-02   1.07857e+00 -3.60881e-02     TBD             TBD
                ( 1.00000)   (-1.00000)    ( 1.00000)   (-1.00000)
bhmie, FORTRAN implementation:
Angle  Cosine              S1                        S2             Intensity         Polzn
0.00   1.0000   5.58066e+01  9.75810e+00   5.58066e+01  9.75810e+00     TBD             TBD
                ( 1.00000)   (-1.00000)    ( 1.00000)   (-1.00000)
0.52   0.8660  -7.67288e+00 -1.08732e+01  -1.09292e+01 -9.62967e+00     TBD             TBD
                ( 1.00000)   (-1.00000)    ( 1.00000)   (-1.00000)
1.05   0.5000   3.58789e+00  1.75618e+00   3.42741e+00 -8.08270e-02     TBD             TBD
                ( 1.00000)   (-1.00000)    ( 1.00000)   (-1.00000)
1.57   0.0000  -1.78590e+00  5.23283e-02  -5.14875e-01  7.02729e-01     TBD             TBD
                ( 1.00000)   (-1.00000)    ( 1.00000)   (-1.00000)
2.09  -0.5000   1.53797e+00  8.32938e-02  -6.90834e-01 -2.15269e-01     TBD             TBD
                ( 1.00000)   (-1.00000)    ( 1.00000)   (-1.00000)
2.62  -0.8660  -4.14043e-01 -1.87685e-01   5.24756e-01  1.92339e-01     TBD             TBD
                ( 1.00000)   (-1.00000)    ( 1.00000)   (-1.00000)
3.14  -1.0000  -1.07857e+00  3.60881e-02   1.07857e+00 -3.60881e-02     TBD             TBD
                ( 1.00000)   (-1.00000)    ( 1.00000)   (-1.00000)
Calling MATLAB single-file implementation
Angle  Cosine              S1                        S2             Intensity         Polzn
0.00   1.0000   5.58066e+01  9.75810e+00   5.58066e+01  9.75810e+00     TBD             TBD
                ( 1.00000)   (-1.00000)    ( 1.00000)   (-1.00000)
0.52   0.8660  -7.67290e+00 -1.08732e+01  -1.09292e+01 -9.62970e+00     TBD             TBD
                ( 1.00000)   (-1.00000)    ( 1.00000)   (-1.00000)
1.05   0.5000   3.58790e+00  1.75620e+00   3.42740e+00 -8.08270e-02     TBD             TBD
                ( 1.00000)   (-1.00001)    ( 1.00000)   (-1.00000)
1.57   0.0000  -1.78590e+00  5.23280e-02  -5.14870e-01  7.02730e-01     TBD             TBD
                ( 1.00000)   (-0.99999)    ( 0.99999)   (-1.00000)
2.09  -0.5000   1.53800e+00  8.32940e-02  -6.90830e-01 -2.15270e-01     TBD             TBD
                ( 1.00002)   (-1.00000)    ( 0.99999)   (-1.00000)
2.62  -0.8660  -4.14040e-01 -1.87690e-01   5.24760e-01  1.92340e-01     TBD             TBD
                ( 0.99999)   (-1.00003)    ( 1.00001)   (-1.00000)
3.14  -1.0000  -1.07860e+00  3.60880e-02   1.07860e+00 -3.60880e-02     TBD             TBD
                ( 1.00003)   (-1.00000)    ( 1.00003)   (-1.00000)
Calling MATLAB multi-file
Angle  Cosine              S1                        S2             Intensity         Polzn
0.00   1.0000   5.58066e+01  9.75810e+00   5.58066e+01  9.75810e+00     TBD             TBD
                ( 1.00000)   (-1.00000)    ( 1.00000)   (-1.00000)
0.52   0.8660  -7.67290e+00 -1.08732e+01  -1.09292e+01 -9.62970e+00     TBD             TBD
                ( 1.00000)   (-1.00000)    ( 1.00000)   (-1.00000)
1.05   0.5000   3.58790e+00  1.75620e+00   3.42740e+00 -8.08270e-02     TBD             TBD
                ( 1.00000)   (-1.00001)    ( 1.00000)   (-1.00000)
1.57   0.0000  -1.78590e+00  5.23280e-02  -5.14870e-01  7.02730e-01     TBD             TBD
                ( 1.00000)   (-0.99999)    ( 0.99999)   (-1.00000)
2.09  -0.5000   1.53800e+00  8.32940e-02  -6.90830e-01 -2.15270e-01     TBD             TBD
                ( 1.00002)   (-1.00000)    ( 0.99999)   (-1.00000)
2.62  -0.8660  -4.14040e-01 -1.87690e-01   5.24760e-01  1.92340e-01     TBD             TBD
                ( 0.99999)   (-1.00003)    ( 1.00001)   (-1.00000)
3.14  -1.0000  -1.07860e+00  3.60880e-02   1.07860e+00 -3.60880e-02     TBD             TBD
                ( 1.00003)   (-1.00000)    ( 1.00003)   (-1.00000)
---------------------------------------------------------------

Case 8
Refractive index = 0.7500+0.0000j
Size parameter = 1000.0000

bhmie, Python implementation:
Angle  Cosine              S1                        S2             Intensity         Polzn
0.00   1.0000   4.99477e+05  1.33650e+04   4.99477e+05  1.33650e+04     TBD             TBD
                ( 1.00000)   (-1.00000)    ( 1.00000)   (-1.00000)
0.52   0.8660  -3.99930e+02  3.31636e+02  -3.94602e+02  1.14779e+02     TBD             TBD
                ( 1.00000)   (-1.00000)    ( 1.00000)   (-1.00000)
1.05   0.5000  -5.20985e+02  5.77661e+02  -1.97077e+02  6.93747e+02     TBD             TBD
                ( 1.00000)   (-1.00000)    ( 1.00000)   (-1.00000)
1.57   0.0000  -1.60089e+02 -1.34801e+02  -4.15237e+01 -1.14300e+02     TBD             TBD
                ( 1.00000)   (-1.00000)    ( 1.00000)   (-1.00000)
2.09  -0.5000   8.43172e+01  1.20949e+02  -4.26173e+01 -5.53506e+01     TBD             TBD
                ( 1.00000)   (-1.00000)    ( 1.00000)   (-1.00000)
2.62  -0.8660  -7.55609e+01  8.13481e+01   4.21830e+01 -9.10083e+01     TBD             TBD
                ( 1.00000)   (-1.00000)    ( 1.00000)   (-1.00000)
3.14  -1.0000   1.70578e+01 -4.84251e+02  -1.70578e+01  4.84251e+02     TBD             TBD
                ( 1.00000)   (-1.00000)    ( 1.00000)   (-1.00000)
bhmie, FORTRAN implementation:
Angle  Cosine              S1                        S2             Intensity         Polzn
0.00   1.0000   4.99477e+05  1.33650e+04   4.99477e+05  1.33650e+04     TBD             TBD
                ( 1.00000)   (-1.00000)    ( 1.00000)   (-1.00000)
0.52   0.8660  -3.99929e+02  3.31636e+02  -3.94602e+02  1.14779e+02     TBD             TBD
                ( 1.00000)   (-1.00000)    ( 1.00000)   (-1.00000)
1.05   0.5000  -5.20985e+02  5.77661e+02  -1.97077e+02  6.93747e+02     TBD             TBD
                ( 1.00000)   (-1.00000)    ( 1.00000)   (-1.00000)
1.57   0.0000  -1.60089e+02 -1.34801e+02  -4.15237e+01 -1.14300e+02     TBD             TBD
                ( 1.00000)   (-1.00000)    ( 1.00000)   (-1.00000)
2.09  -0.5000   8.43172e+01  1.20949e+02  -4.26174e+01 -5.53506e+01     TBD             TBD
                ( 1.00000)   (-1.00000)    ( 1.00000)   (-1.00000)
2.62  -0.8660  -7.55609e+01  8.13481e+01   4.21830e+01 -9.10083e+01     TBD             TBD
                ( 1.00000)   (-1.00000)    ( 1.00000)   (-1.00000)
3.14  -1.0000   1.70577e+01 -4.84251e+02  -1.70577e+01  4.84251e+02     TBD             TBD
                ( 1.00000)   (-1.00000)    ( 1.00000)   (-1.00000)
Calling MATLAB single-file implementation
Angle  Cosine              S1                        S2             Intensity         Polzn
0.00   1.0000   4.99477e+05  1.33650e+04   4.99477e+05  1.33650e+04     TBD             TBD
                ( 1.00000)   (-1.00000)    ( 1.00000)   (-1.00000)
0.52   0.8660  -3.99930e+02  3.31636e+02  -3.94602e+02  1.14779e+02     TBD             TBD
                ( 1.00000)   (-1.00000)    ( 1.00000)   (-1.00000)
1.05   0.5000  -5.20985e+02  5.77661e+02  -1.97077e+02  6.93747e+02     TBD             TBD
                ( 1.00000)   (-1.00000)    ( 1.00000)   (-1.00000)
1.57   0.0000  -1.60089e+02 -1.34801e+02  -4.15237e+01 -1.14300e+02     TBD             TBD
                ( 1.00000)   (-1.00000)    ( 1.00000)   (-1.00000)
2.09  -0.5000   8.43172e+01  1.20949e+02  -4.26173e+01 -5.53505e+01     TBD             TBD
                ( 1.00000)   (-1.00000)    ( 1.00000)   (-1.00000)
2.62  -0.8660  -7.55609e+01  8.13481e+01   4.21830e+01 -9.10083e+01     TBD             TBD
                ( 1.00000)   (-1.00000)    ( 1.00000)   (-1.00000)
3.14  -1.0000   1.70578e+01 -4.84251e+02  -1.70578e+01  4.84251e+02     TBD             TBD
                ( 1.00000)   (-1.00000)    ( 1.00000)   (-1.00000)
Calling MATLAB multi-file
Angle  Cosine              S1                        S2             Intensity         Polzn
0.00   1.0000   4.99477e+05  1.33650e+04   4.99477e+05  1.33650e+04     TBD             TBD
                ( 1.00000)   (-1.00000)    ( 1.00000)   (-1.00000)
0.52   0.8660  -3.99930e+02  3.31636e+02  -3.94602e+02  1.14779e+02     TBD             TBD
                ( 1.00000)   (-1.00000)    ( 1.00000)   (-1.00000)
1.05   0.5000  -5.20985e+02  5.77661e+02  -1.97077e+02  6.93747e+02     TBD             TBD
                ( 1.00000)   (-1.00000)    ( 1.00000)   (-1.00000)
1.57   0.0000  -1.60089e+02 -1.34801e+02  -4.15237e+01 -1.14300e+02     TBD             TBD
                ( 1.00000)   (-1.00000)    ( 1.00000)   (-1.00000)
2.09  -0.5000   8.43172e+01  1.20949e+02  -4.26173e+01 -5.53505e+01     TBD             TBD
                ( 1.00000)   (-1.00000)    ( 1.00000)   (-1.00000)
2.62  -0.8660  -7.55609e+01  8.13481e+01   4.21830e+01 -9.10083e+01     TBD             TBD
                ( 1.00000)   (-1.00000)    ( 1.00000)   (-1.00000)
3.14  -1.0000   1.70578e+01 -4.84251e+02  -1.70578e+01  4.84251e+02     TBD             TBD
                ( 1.00000)   (-1.00000)    ( 1.00000)   (-1.00000)
---------------------------------------------------------------

Case 9
Refractive index = 1.3300-0.0000j
Size parameter = 1.0000

bhmie, Python implementation:
Angle  Cosine              S1                        S2             Intensity         Polzn
0.00   1.0000   2.34740e-02 -2.28171e-01   2.34740e-02 -2.28171e-01     TBD             TBD
                ( 0.99940)   (-1.00000)    ( 0.99940)   (-1.00000)
0.52   0.8660   2.34036e-02 -2.21713e-01   2.03363e-02 -1.93820e-01     TBD             TBD
                ( 0.99942)   (-1.00001)    ( 0.99941)   (-1.00001)
1.05   0.5000   2.32117e-02 -2.04684e-01   1.18101e-02 -1.07599e-01     TBD             TBD
                ( 0.99947)   (-1.00001)    ( 0.99942)   (-1.00001)
1.57   0.0000   2.29499e-02 -1.82838e-01   2.72072e-04 -6.70303e-03     TBD             TBD
                ( 0.99952)   (-1.00002)    ( 0.99677)   (-1.00002)
2.09  -0.5000   2.26886e-02 -1.62543e-01  -1.11405e-02  7.64646e-02     TBD             TBD
                ( 0.99958)   (-1.00002)    ( 0.99963)   (-1.00002)
2.62  -0.8660   2.24977e-02 -1.48620e-01  -1.94157e-02  1.27158e-01     TBD             TBD
                ( 0.99962)   (-1.00002)    ( 0.99963)   (-1.00002)
3.14  -1.0000   2.24279e-02 -1.43713e-01  -2.24279e-02  1.43713e-01     TBD             TBD
                ( 0.99963)   (-1.00002)    ( 0.99963)   (-1.00002)
bhmie, FORTRAN implementation:
Angle  Cosine              S1                        S2             Intensity         Polzn
0.00   1.0000   2.34740e-02 -2.28173e-01   2.34740e-02 -2.28173e-01     TBD             TBD
                ( 0.99940)   (-1.00001)    ( 0.99940)   (-1.00001)
0.52   0.8660   2.34037e-02 -2.21713e-01   2.03363e-02 -1.93820e-01     TBD             TBD
                ( 0.99942)   (-1.00001)    ( 0.99941)   (-1.00001)
1.05   0.5000   2.32117e-02 -2.04684e-01   1.18101e-02 -1.07599e-01     TBD             TBD
                ( 0.99947)   (-1.00001)    ( 0.99942)   (-1.00001)
1.57   0.0000   2.29499e-02 -1.82838e-01   2.72073e-04 -6.70293e-03     TBD             TBD
                ( 0.99952)   (-1.00002)    ( 0.99677)   (-1.00001)
2.09  -0.5000   2.26886e-02 -1.62543e-01  -1.11405e-02  7.64646e-02     TBD             TBD
                ( 0.99958)   (-1.00002)    ( 0.99963)   (-1.00002)
2.62  -0.8660   2.24977e-02 -1.48620e-01  -1.94157e-02  1.27158e-01     TBD             TBD
                ( 0.99962)   (-1.00002)    ( 0.99963)   (-1.00002)
3.14  -1.0000   2.24279e-02 -1.43713e-01  -2.24279e-02  1.43713e-01     TBD             TBD
                ( 0.99963)   (-1.00002)    ( 0.99963)   (-1.00002)
Calling MATLAB single-file implementation
Angle  Cosine              S1                        S2             Intensity         Polzn
0.00   1.0000   2.34740e-02 -2.28170e-01   2.34740e-02 -2.28170e-01     TBD             TBD
                ( 0.99940)   (-1.00000)    ( 0.99940)   (-1.00000)
0.52   0.8660   2.34040e-02 -2.21710e-01   2.03360e-02 -1.93820e-01     TBD             TBD
                ( 0.99944)   (-1.00000)    ( 0.99940)   (-1.00001)
1.05   0.5000   2.32120e-02 -2.04680e-01   1.18100e-02 -1.07600e-01     TBD             TBD
                ( 0.99948)   (-0.99999)    ( 0.99940)   (-1.00002)
1.57   0.0000   2.29500e-02 -1.82840e-01   2.72070e-04 -6.70290e-03     TBD             TBD
                ( 0.99953)   (-1.00003)    ( 0.99676)   (-1.00000)
2.09  -0.5000   2.26890e-02 -1.62540e-01  -1.11410e-02  7.64650e-02     TBD             TBD
                ( 0.99959)   (-1.00000)    ( 0.99967)   (-1.00002)
2.62  -0.8660   2.24980e-02 -1.48620e-01  -1.94160e-02  1.27160e-01     TBD             TBD
                ( 0.99963)   (-1.00002)    ( 0.99964)   (-1.00003)
3.14  -1.0000   2.24280e-02 -1.43710e-01  -2.24280e-02  1.43710e-01     TBD             TBD
                ( 0.99963)   (-1.00000)    ( 0.99963)   (-1.00000)
Calling MATLAB multi-file
Angle  Cosine              S1                        S2             Intensity         Polzn
0.00   1.0000   2.34740e-02 -2.28170e-01   2.34740e-02 -2.28170e-01     TBD             TBD
                ( 0.99940)   (-1.00000)    ( 0.99940)   (-1.00000)
0.52   0.8660   2.34040e-02 -2.21710e-01   2.03360e-02 -1.93820e-01     TBD             TBD
                ( 0.99944)   (-1.00000)    ( 0.99940)   (-1.00001)
1.05   0.5000   2.32120e-02 -2.04680e-01   1.18100e-02 -1.07600e-01     TBD             TBD
                ( 0.99948)   (-0.99999)    ( 0.99940)   (-1.00002)
1.57   0.0000   2.29500e-02 -1.82840e-01   2.72070e-04 -6.70290e-03     TBD             TBD
                ( 0.99953)   (-1.00003)    ( 0.99676)   (-1.00000)
2.09  -0.5000   2.26890e-02 -1.62540e-01  -1.11410e-02  7.64650e-02     TBD             TBD
                ( 0.99959)   (-1.00000)    ( 0.99967)   (-1.00002)
2.62  -0.8660   2.24980e-02 -1.48620e-01  -1.94160e-02  1.27160e-01     TBD             TBD
                ( 0.99963)   (-1.00002)    ( 0.99964)   (-1.00003)
3.14  -1.0000   2.24280e-02 -1.43710e-01  -2.24280e-02  1.43710e-01     TBD             TBD
                ( 0.99963)   (-1.00000)    ( 0.99963)   (-1.00000)
---------------------------------------------------------------

Case 10
Refractive index = 1.3300-0.0000j
Size parameter = 100.0000

bhmie, Python implementation:
Angle  Cosine              S1                        S2             Intensity         Polzn
0.00   1.0000   5.25174e+03  1.29973e+02   5.25174e+03  1.29973e+02     TBD             TBD
                ( 0.99970)   (-1.04548)    ( 0.99970)   (-1.04548)
0.52   0.8660  -5.57289e+01  3.04519e+01  -8.49595e+01  1.99806e+01     TBD             TBD
                ( 1.00692)   (-1.02467)    ( 1.00340)   (-0.99930)
1.05   0.5000   1.70864e+01  1.54773e+01   3.31710e+01  2.72318e+00     TBD             TBD
                ( 0.99892)   (-1.01818)    ( 1.00191)   (-1.00494)
1.57   0.0000  -3.66348e+00 -8.75790e+00  -6.55321e+00  4.66253e+00     TBD             TBD
                ( 1.00211)   (-0.99864)    ( 1.00041)   (-0.99725)
2.09  -0.5000   2.54496e+00 -7.47176e-01   6.04572e+00  1.17362e+01     TBD             TBD
                ( 1.05411)   (-1.38858)    ( 1.00111)   (-1.00312)
2.62  -0.8660  -9.69843e-01 -3.36525e+01  -9.71717e+00 -1.48332e+01     TBD             TBD
                ( 0.79301)   (-1.02477)    ( 1.00656)   (-1.00601)
3.14  -1.0000  -5.51822e+01 -5.26961e+01   5.51822e+01  5.26961e+01     TBD             TBD
                ( 0.97509)   (-1.13301)    ( 0.97509)   (-1.13301)
bhmie, FORTRAN implementation:
Angle  Cosine              S1                        S2             Intensity         Polzn
0.00   1.0000   5.25174e+03  1.29973e+02   5.25174e+03  1.29973e+02     TBD             TBD
                ( 0.99970)   (-1.04548)    ( 0.99970)   (-1.04548)
0.52   0.8660  -5.57289e+01  3.04519e+01  -8.49595e+01  1.99806e+01     TBD             TBD
                ( 1.00692)   (-1.02467)    ( 1.00340)   (-0.99930)
1.05   0.5000   1.70864e+01  1.54773e+01   3.31710e+01  2.72318e+00     TBD             TBD
                ( 0.99892)   (-1.01818)    ( 1.00191)   (-1.00494)
1.57   0.0000  -3.66348e+00 -8.75790e+00  -6.55321e+00  4.66253e+00     TBD             TBD
                ( 1.00211)   (-0.99864)    ( 1.00041)   (-0.99725)
2.09  -0.5000   2.54496e+00 -7.47178e-01   6.04572e+00  1.17362e+01     TBD             TBD
                ( 1.05411)   (-1.38858)    ( 1.00111)   (-1.00312)
2.62  -0.8660  -9.69844e-01 -3.36525e+01  -9.71717e+00 -1.48332e+01     TBD             TBD
                ( 0.79301)   (-1.02477)    ( 1.00656)   (-1.00601)
3.14  -1.0000  -5.51822e+01 -5.26961e+01   5.51822e+01  5.26961e+01     TBD             TBD
                ( 0.97509)   (-1.13301)    ( 0.97509)   (-1.13301)
Calling MATLAB single-file implementation
Angle  Cosine              S1                        S2             Intensity         Polzn
0.00   1.0000   5.25174e+03  1.29973e+02   5.25174e+03  1.29973e+02     TBD             TBD
                ( 0.99970)   (-1.04548)    ( 0.99970)   (-1.04548)
0.52   0.8660  -5.57289e+01  3.04519e+01  -8.49595e+01  1.99806e+01     TBD             TBD
                ( 1.00692)   (-1.02467)    ( 1.00339)   (-0.99929)
1.05   0.5000   1.70864e+01  1.54773e+01   3.31710e+01  2.72320e+00     TBD             TBD
                ( 0.99892)   (-1.01818)    ( 1.00191)   (-1.00495)
1.57   0.0000  -3.66350e+00 -8.75790e+00  -6.55320e+00  4.66250e+00     TBD             TBD
                ( 1.00212)   (-0.99864)    ( 1.00041)   (-0.99725)
2.09  -0.5000   2.54500e+00 -7.47180e-01   6.04570e+00  1.17362e+01     TBD             TBD
                ( 1.05413)   (-1.38858)    ( 1.00111)   (-1.00312)
2.62  -0.8660  -9.69840e-01 -3.36525e+01  -9.71720e+00 -1.48332e+01     TBD             TBD
                ( 0.79300)   (-1.02477)    ( 1.00657)   (-1.00601)
3.14  -1.0000  -5.51822e+01 -5.26961e+01   5.51822e+01  5.26961e+01     TBD             TBD
                ( 0.97509)   (-1.13301)    ( 0.97509)   (-1.13301)
Calling MATLAB multi-file
Angle  Cosine              S1                        S2             Intensity         Polzn
0.00   1.0000   5.25182e+03  1.30000e+02   5.25182e+03  1.30000e+02     TBD             TBD
                ( 0.99972)   (-1.04570)    ( 0.99972)   (-1.04570)
0.52   0.8660  -5.57187e+01  3.04566e+01  -8.49598e+01  1.99833e+01     TBD             TBD
                ( 1.00674)   (-1.02483)    ( 1.00340)   (-0.99943)
1.05   0.5000   1.70903e+01  1.54779e+01   3.31712e+01  2.72240e+00     TBD             TBD
                ( 0.99915)   (-1.01822)    ( 1.00192)   (-1.00465)
1.57   0.0000  -3.66340e+00 -8.75780e+00  -6.55340e+00  4.66260e+00     TBD             TBD
                ( 1.00209)   (-0.99862)    ( 1.00044)   (-0.99727)
2.09  -0.5000   2.54180e+00 -7.49000e-01   6.04620e+00  1.17361e+01     TBD             TBD
                ( 1.05280)   (-1.39197)    ( 1.00119)   (-1.00311)
2.62  -0.8660  -9.80840e-01 -3.36560e+01  -9.71840e+00 -1.48327e+01     TBD             TBD
                ( 0.80200)   (-1.02487)    ( 1.00669)   (-1.00598)
3.14  -1.0000  -5.52699e+01 -5.27199e+01   5.52699e+01  5.27199e+01     TBD             TBD
                ( 0.97664)   (-1.13352)    ( 0.97664)   (-1.13352)
---------------------------------------------------------------

Case 11
Refractive index = 1.3300-0.0000j
Size parameter = 10000.0000

bhmie, Python implementation:
Angle  Cosine              S1                        S2             Intensity         Polzn
0.00   1.0000   5.00738e+07  2.27604e+05   5.00738e+07  2.27604e+05     TBD             TBD
                ( 0.99943)   (-1.48197)    ( 0.99943)   (-1.48197)
0.52   0.8660   1.19780e+03  1.29497e+04   2.58331e+03  1.33352e+04     TBD             TBD
                ( 0.31631)   (-1.69183)    ( 0.50905)   (-1.77425)
1.05   0.5000  -3.04377e+03 -3.15664e+03  -3.46829e+03 -1.45209e+03     TBD             TBD
                ( 1.11445)   (-2.37944)    ( 1.12733)   ( 8.17630)
1.57   0.0000  -5.30859e+02  2.88325e+02   3.66735e+02 -2.91179e+02     TBD             TBD
                ( 0.50034)   (-1.49379)    ( 1.50863)   (-3.46236)
2.09  -0.5000  -2.33077e+03 -4.90019e+02  -2.81766e+02 -8.57847e+02     TBD             TBD
                ( 2.20271)   (-21.31987)    (-4.77046)   ( 1.59740)
2.62  -0.8660   8.26362e+02 -4.66329e+03   1.05233e+03 -5.23070e+02     TBD             TBD
                (-0.30062)   (-2.02912)    (-13.09491)   ( 105.90208)
3.14  -1.0000  -1.27422e+04 -6.03498e+04   1.27422e+04  6.03498e+04     TBD             TBD
                ( 69.96605)   ( 63.39849)    ( 69.96600)   ( 63.39849)
bhmie, FORTRAN implementation:
Angle  Cosine              S1                        S2             Intensity         Polzn
0.00   1.0000   5.00737e+07  2.27604e+05   5.00737e+07  2.27604e+05     TBD             TBD
                ( 0.99943)   (-1.48197)    ( 0.99943)   (-1.48197)
0.52   0.8660   1.19780e+03  1.29498e+04   2.58331e+03  1.33352e+04     TBD             TBD
                ( 0.31631)   (-1.69183)    ( 0.50905)   (-1.77425)
1.05   0.5000  -3.04377e+03 -3.15664e+03  -3.46830e+03 -1.45209e+03     TBD             TBD
                ( 1.11445)   (-2.37944)    ( 1.12733)   ( 8.17630)
1.57   0.0000  -5.30860e+02  2.88325e+02   3.66735e+02 -2.91179e+02     TBD             TBD
                ( 0.50034)   (-1.49379)    ( 1.50863)   (-3.46236)
2.09  -0.5000  -2.33077e+03 -4.90019e+02  -2.81767e+02 -8.57846e+02     TBD             TBD
                ( 2.20271)   (-21.31989)    (-4.77047)   ( 1.59739)
2.62  -0.8660   8.26359e+02 -4.66329e+03   1.05233e+03 -5.23070e+02     TBD             TBD
                (-0.30062)   (-2.02912)    (-13.09491)   ( 105.90198)
3.14  -1.0000  -1.27422e+04 -6.03498e+04   1.27422e+04  6.03498e+04     TBD             TBD
                ( 69.96604)   ( 63.39850)    ( 69.96600)   ( 63.39849)
Calling MATLAB single-file implementation
Angle  Cosine              S1                        S2             Intensity         Polzn
0.00   1.0000   5.00738e+07  2.27604e+05   5.00738e+07  2.27604e+05     TBD             TBD
                ( 0.99943)   (-1.48197)    ( 0.99943)   (-1.48197)
0.52   0.8660   1.19779e+03  1.29497e+04   2.58331e+03  1.33352e+04     TBD             TBD
                ( 0.31631)   (-1.69183)    ( 0.50905)   (-1.77425)
1.05   0.5000  -3.04377e+03 -3.15664e+03  -3.46829e+03 -1.45209e+03     TBD             TBD
                ( 1.11446)   (-2.37944)    ( 1.12733)   ( 8.17629)
1.57   0.0000  -5.30859e+02  2.88325e+02   3.66735e+02 -2.91178e+02     TBD             TBD
                ( 0.50034)   (-1.49379)    ( 1.50863)   (-3.46235)
2.09  -0.5000  -2.33077e+03 -4.90019e+02  -2.81766e+02 -8.57847e+02     TBD             TBD
                ( 2.20271)   (-21.31986)    (-4.77046)   ( 1.59740)
2.62  -0.8660   8.26363e+02 -4.66329e+03   1.05233e+03 -5.23070e+02     TBD             TBD
                (-0.30062)   (-2.02912)    (-13.09491)   ( 105.90209)
3.14  -1.0000  -1.27422e+04 -6.03498e+04   1.27422e+04  6.03498e+04     TBD             TBD
                ( 69.96639)   ( 63.39853)    ( 69.96635)   ( 63.39853)
Calling MATLAB multi-file
Angle  Cosine              S1                        S2             Intensity         Polzn
0.00   1.0000   5.00366e+07  2.20277e+05   5.00366e+07  2.20277e+05     TBD             TBD
                ( 0.99869)   (-1.43427)    ( 0.99869)   (-1.43427)
0.52   0.8660   1.95007e+03  1.31872e+04   3.05665e+03  1.30295e+04     TBD             TBD
                ( 0.51496)   (-1.72285)    ( 0.60233)   (-1.73357)
1.05   0.5000  -2.92034e+03 -2.62657e+03  -3.17677e+03 -1.57598e+03     TBD             TBD
                ( 1.06926)   (-1.97988)    ( 1.03257)   ( 8.87391)
1.57   0.0000  -6.21431e+02  1.15509e+02   9.12583e+02 -4.10119e+02     TBD             TBD
                ( 0.58570)   (-0.59845)    ( 3.75406)   (-4.87666)
2.09  -0.5000  -2.34950e+03 -6.56394e+02   6.65995e+01 -6.25107e+02     TBD             TBD
                ( 2.22040)   (-28.55856)    ( 1.12757)   ( 1.16401)
2.62  -0.8660   3.84223e+02 -5.14114e+03   9.92462e+02 -5.46927e+02     TBD             TBD
                (-0.13978)   (-2.23705)    (-12.34989)   ( 110.73215)
3.14  -1.0000   2.22845e+04 -2.88875e+04  -2.22845e+04  2.88875e+04     TBD             TBD
                (-122.36231)   ( 30.34686)    (-122.36224)   ( 30.34686)
---------------------------------------------------------------

Case 12
Refractive index = 1.5000-1.0000j
Size parameter = 0.0550

bhmie, Python implementation:
Angle  Cosine              S1                        S2             Intensity         Polzn
0.00   1.0000  -7.67512e-05 -8.34425e-05  -7.67512e-05 -8.34425e-05     TBD             TBD
                (-0.99998)   (-1.00004)    (-0.99998)   (-1.00004)
0.52   0.8660  -7.67419e-05 -8.34441e-05  -6.64682e-05 -7.22586e-05     TBD             TBD
                (-0.99998)   (-1.00011)    (-0.99998)   (-1.00010)
1.05   0.5000  -7.67165e-05 -8.34421e-05  -3.83817e-05 -4.17061e-05     TBD             TBD
                (-0.99998)   (-1.00021)    (-0.99998)   (-1.00022)
1.57   0.0000  -7.66818e-05 -8.34288e-05  -3.13206e-08  1.87014e-08     TBD             TBD
                (-0.99998)   (-1.00022)    (-1.00000)   (-0.91791)
2.09  -0.5000  -7.66472e-05 -8.34114e-05   3.83001e-05  4.17232e-05     TBD             TBD
                (-0.99998)   (-1.00019)    (-0.99998)   (-1.00024)
2.62  -0.8660  -7.66218e-05 -8.34010e-05   6.63486e-05  7.22350e-05     TBD             TBD
                (-0.99998)   (-1.00019)    (-0.99998)   (-1.00022)
3.14  -1.0000  -7.66125e-05 -8.33985e-05   7.66125e-05  8.33985e-05     TBD             TBD
                (-0.99998)   (-1.00020)    (-0.99998)   (-1.00020)
bhmie, FORTRAN implementation:
Angle  Cosine              S1                        S2             Intensity         Polzn
0.00   1.0000  -7.67512e-05 -8.34559e-05  -7.67512e-05 -8.34559e-05     TBD             TBD
                (-0.99998)   (-1.00020)    (-0.99998)   (-1.00020)
0.52   0.8660  -7.67419e-05 -8.34520e-05  -6.64682e-05 -7.22665e-05     TBD             TBD
                (-0.99998)   (-1.00020)    (-0.99998)   (-1.00020)
1.05   0.5000  -7.67165e-05 -8.34415e-05  -3.83817e-05 -4.17055e-05     TBD             TBD
                (-0.99998)   (-1.00020)    (-0.99998)   (-1.00020)
1.57   0.0000  -7.66818e-05 -8.34272e-05  -3.13206e-08  2.03740e-08     TBD             TBD
                (-0.99998)   (-1.00020)    (-1.00000)   (-1.00000)
2.09  -0.5000  -7.66472e-05 -8.34128e-05   3.83001e-05  4.17217e-05     TBD             TBD
                (-0.99998)   (-1.00020)    (-0.99998)   (-1.00020)
2.62  -0.8660  -7.66218e-05 -8.34023e-05   6.63486e-05  7.22336e-05     TBD             TBD
                (-0.99998)   (-1.00020)    (-0.99998)   (-1.00020)
3.14  -1.0000  -7.66125e-05 -8.33985e-05   7.66125e-05  8.33985e-05     TBD             TBD
                (-0.99998)   (-1.00020)    (-0.99998)   (-1.00020)
Calling MATLAB single-file implementation
Angle  Cosine              S1                        S2             Intensity         Polzn
0.00   1.0000  -7.67510e-05 -8.34560e-05  -7.67510e-05 -8.34560e-05     TBD             TBD
                (-0.99998)   (-1.00021)    (-0.99998)   (-1.00021)
0.52   0.8660  -7.67420e-05 -8.34520e-05  -6.64680e-05 -7.22660e-05     TBD             TBD
                (-0.99998)   (-1.00020)    (-0.99998)   (-1.00020)
1.05   0.5000  -7.67160e-05 -8.34420e-05  -3.83820e-05 -4.17050e-05     TBD             TBD
                (-0.99997)   (-1.00021)    (-0.99999)   (-1.00019)
1.57   0.0000  -7.66820e-05 -8.34270e-05  -3.13210e-08  2.03740e-08     TBD             TBD
                (-0.99998)   (-1.00020)    (-1.00001)   (-1.00000)
2.09  -0.5000  -7.66470e-05 -8.34130e-05   3.83000e-05  4.17220e-05     TBD             TBD
                (-0.99998)   (-1.00021)    (-0.99998)   (-1.00021)
2.62  -0.8660  -7.66220e-05 -8.34020e-05   6.63490e-05  7.22340e-05     TBD             TBD
                (-0.99998)   (-1.00020)    (-0.99999)   (-1.00021)
3.14  -1.0000  -7.66130e-05 -8.33990e-05   7.66130e-05  8.33990e-05     TBD             TBD
                (-0.99999)   (-1.00021)    (-0.99999)   (-1.00021)
Calling MATLAB multi-file
Angle  Cosine              S1                        S2             Intensity         Polzn
0.00   1.0000  -7.67510e-05 -8.34560e-05  -7.67510e-05 -8.34560e-05     TBD             TBD
                (-0.99998)   (-1.00021)    (-0.99998)   (-1.00021)
0.52   0.8660  -7.67420e-05 -8.34520e-05  -6.64680e-05 -7.22660e-05     TBD             TBD
                (-0.99998)   (-1.00020)    (-0.99998)   (-1.00020)
1.05   0.5000  -7.67160e-05 -8.34420e-05  -3.83820e-05 -4.17050e-05     TBD             TBD
                (-0.99997)   (-1.00021)    (-0.99999)   (-1.00019)
1.57   0.0000  -7.66820e-05 -8.34270e-05  -3.13210e-08  2.03740e-08     TBD             TBD
                (-0.99998)   (-1.00020)    (-1.00001)   (-1.00000)
2.09  -0.5000  -7.66470e-05 -8.34130e-05   3.83000e-05  4.17220e-05     TBD             TBD
                (-0.99998)   (-1.00021)    (-0.99998)   (-1.00021)
2.62  -0.8660  -7.66220e-05 -8.34020e-05   6.63490e-05  7.22340e-05     TBD             TBD
                (-0.99998)   (-1.00020)    (-0.99999)   (-1.00021)
3.14  -1.0000  -7.66130e-05 -8.33990e-05   7.66130e-05  8.33990e-05     TBD             TBD
                (-0.99999)   (-1.00021)    (-0.99999)   (-1.00021)
---------------------------------------------------------------

Case 13
Refractive index = 1.5000-1.0000j
Size parameter = 0.0560

bhmie, Python implementation:
Angle  Cosine              S1                        S2             Intensity         Polzn
0.00   1.0000  -8.10222e-05 -8.80986e-05  -8.10222e-05 -8.80986e-05     TBD             TBD
                (-0.99998)   (-1.00030)    (-0.99998)   (-1.00030)
0.52   0.8660  -8.10120e-05 -8.80915e-05  -7.01671e-05 -7.62844e-05     TBD             TBD
                (-0.99998)   (-1.00026)    (-0.99998)   (-1.00027)
1.05   0.5000  -8.09843e-05 -8.80755e-05  -4.05178e-05 -4.40209e-05     TBD             TBD
                (-0.99998)   (-1.00021)    (-0.99998)   (-1.00021)
1.57   0.0000  -8.09464e-05 -8.80593e-05  -3.42728e-08  2.31814e-08     TBD             TBD
                (-0.99998)   (-1.00021)    (-1.00000)   (-1.03970)
2.09  -0.5000  -8.09084e-05 -8.80452e-05   4.04285e-05  4.40382e-05     TBD             TBD
                (-0.99998)   (-1.00022)    (-0.99998)   (-1.00020)
2.62  -0.8660  -8.08807e-05 -8.80337e-05   7.00362e-05  7.62437e-05     TBD             TBD
                (-0.99998)   (-1.00022)    (-0.99998)   (-1.00021)
3.14  -1.0000  -8.08705e-05 -8.80288e-05   8.08705e-05  8.80288e-05     TBD             TBD
                (-0.99998)   (-1.00022)    (-0.99998)   (-1.00022)
bhmie, FORTRAN implementation:
Angle  Cosine              S1                        S2             Intensity         Polzn
0.00   1.0000  -8.10222e-05 -8.80915e-05  -8.10222e-05 -8.80915e-05     TBD             TBD
                (-0.99998)   (-1.00022)    (-0.99998)   (-1.00022)
0.52   0.8660  -8.10120e-05 -8.80873e-05  -7.01671e-05 -7.62803e-05     TBD             TBD
                (-0.99998)   (-1.00022)    (-0.99998)   (-1.00022)
1.05   0.5000  -8.09843e-05 -8.80758e-05  -4.05178e-05 -4.40212e-05     TBD             TBD
                (-0.99998)   (-1.00022)    (-0.99998)   (-1.00022)
1.57   0.0000  -8.09464e-05 -8.80602e-05  -3.42728e-08  2.22963e-08     TBD             TBD
                (-0.99998)   (-1.00022)    (-1.00000)   (-1.00000)
2.09  -0.5000  -8.09084e-05 -8.80445e-05   4.04285e-05  4.40389e-05     TBD             TBD
                (-0.99998)   (-1.00022)    (-0.99998)   (-1.00022)
2.62  -0.8660  -8.08807e-05 -8.80330e-05   7.00362e-05  7.62444e-05     TBD             TBD
                (-0.99998)   (-1.00022)    (-0.99998)   (-1.00022)
3.14  -1.0000  -8.08705e-05 -8.80288e-05   8.08705e-05  8.80288e-05     TBD             TBD
                (-0.99998)   (-1.00022)    (-0.99998)   (-1.00022)
Calling MATLAB single-file implementation
Angle  Cosine              S1                        S2             Intensity         Polzn
0.00   1.0000  -8.10220e-05 -8.80920e-05  -8.10220e-05 -8.80920e-05     TBD             TBD
                (-0.99998)   (-1.00022)    (-0.99998)   (-1.00022)
0.52   0.8660  -8.10120e-05 -8.80870e-05  -7.01670e-05 -7.62800e-05     TBD             TBD
                (-0.99998)   (-1.00021)    (-0.99998)   (-1.00021)
1.05   0.5000  -8.09840e-05 -8.80760e-05  -4.05180e-05 -4.40210e-05     TBD             TBD
                (-0.99998)   (-1.00022)    (-0.99998)   (-1.00021)
1.57   0.0000  -8.09460e-05 -8.80600e-05  -3.42730e-08  2.22960e-08     TBD             TBD
                (-0.99998)   (-1.00021)    (-1.00001)   (-0.99999)
2.09  -0.5000  -8.09080e-05 -8.80440e-05   4.04290e-05  4.40390e-05     TBD             TBD
                (-0.99997)   (-1.00021)    (-0.99999)   (-1.00022)
2.62  -0.8660  -8.08810e-05 -8.80330e-05   7.00360e-05  7.62440e-05     TBD             TBD
                (-0.99998)   (-1.00022)    (-0.99998)   (-1.00021)
3.14  -1.0000  -8.08710e-05 -8.80290e-05   8.08710e-05  8.80290e-05     TBD             TBD
                (-0.99999)   (-1.00022)    (-0.99999)   (-1.00022)
Calling MATLAB multi-file
Angle  Cosine              S1                        S2             Intensity         Polzn
0.00   1.0000  -8.10220e-05 -8.80920e-05  -8.10220e-05 -8.80920e-05     TBD             TBD
                (-0.99998)   (-1.00022)    (-0.99998)   (-1.00022)
0.52   0.8660  -8.10120e-05 -8.80870e-05  -7.01670e-05 -7.62800e-05     TBD             TBD
                (-0.99998)   (-1.00021)    (-0.99998)   (-1.00021)
1.05   0.5000  -8.09840e-05 -8.80760e-05  -4.05180e-05 -4.40210e-05     TBD             TBD
                (-0.99998)   (-1.00022)    (-0.99998)   (-1.00021)
1.57   0.0000  -8.09460e-05 -8.80600e-05  -3.42730e-08  2.22960e-08     TBD             TBD
                (-0.99998)   (-1.00021)    (-1.00001)   (-0.99999)
2.09  -0.5000  -8.09080e-05 -8.80440e-05   4.04290e-05  4.40390e-05     TBD             TBD
                (-0.99997)   (-1.00021)    (-0.99999)   (-1.00022)
2.62  -0.8660  -8.08810e-05 -8.80330e-05   7.00360e-05  7.62440e-05     TBD             TBD
                (-0.99998)   (-1.00022)    (-0.99998)   (-1.00021)
3.14  -1.0000  -8.08710e-05 -8.80290e-05   8.08710e-05  8.80290e-05     TBD             TBD
                (-0.99999)   (-1.00022)    (-0.99999)   (-1.00022)
---------------------------------------------------------------

Case 14
Refractive index = 1.5000-1.0000j
Size parameter = 1.0000

bhmie, Python implementation:
Angle  Cosine              S1                        S2             Intensity         Polzn
0.00   1.0000  -8.38663e-01 -8.64763e-01  -8.38663e-01 -8.64763e-01     TBD             TBD
                (-1.43587)   (-4.53907)    (-1.43587)   (-4.53907)
0.52   0.8660  -8.19225e-01 -8.61719e-01  -7.21779e-01 -7.27856e-01     TBD             TBD
                (-1.44816)   (-4.60321)    (-1.44309)   (-4.99863)
1.05   0.5000  -7.68157e-01 -8.53697e-01  -4.19454e-01 -3.72965e-01     TBD             TBD
                (-1.48429)   (-4.78415)    (-1.45662)   (-9.08475)
1.57   0.0000  -7.03034e-01 -8.43425e-01  -4.44461e-02  6.94424e-02     TBD             TBD
                (-1.54059)   (-5.04542)    (-1.22683)   (-1.12318)
2.09  -0.5000  -6.42983e-01 -8.33904e-01   2.90109e-01  4.67297e-01     TBD             TBD
                (-1.60661)   (-5.32360)    (-1.65895)   (-3.80045)
2.62  -0.8660  -6.02066e-01 -8.27386e-01   5.11402e-01  7.32909e-01     TBD             TBD
                (-1.66244)   (-5.53839)    (-1.67298)   (-5.09510)
3.14  -1.0000  -5.87707e-01 -8.25093e-01   5.87707e-01  8.25093e-01     TBD             TBD
                (-1.68473)   (-5.61943)    (-1.68473)   (-5.61943)
bhmie, FORTRAN implementation:
Angle  Cosine              S1                        S2             Intensity         Polzn
0.00   1.0000  -8.38663e-01 -8.64766e-01  -8.38663e-01 -8.64766e-01     TBD             TBD
                (-1.43587)   (-4.53909)    (-1.43587)   (-4.53909)
0.52   0.8660  -8.19225e-01 -8.61719e-01  -7.21779e-01 -7.27856e-01     TBD             TBD
                (-1.44816)   (-4.60321)    (-1.44309)   (-4.99863)
1.05   0.5000  -7.68157e-01 -8.53697e-01  -4.19454e-01 -3.72965e-01     TBD             TBD
                (-1.48429)   (-4.78415)    (-1.45662)   (-9.08476)
1.57   0.0000  -7.03034e-01 -8.43424e-01  -4.44461e-02  6.94425e-02     TBD             TBD
                (-1.54059)   (-5.04542)    (-1.22683)   (-1.12318)
2.09  -0.5000  -6.42983e-01 -8.33904e-01   2.90109e-01  4.67297e-01     TBD             TBD
                (-1.60661)   (-5.32360)    (-1.65895)   (-3.80045)
2.62  -0.8660  -6.02066e-01 -8.27386e-01   5.11402e-01  7.32909e-01     TBD             TBD
                (-1.66244)   (-5.53840)    (-1.67298)   (-5.09510)
3.14  -1.0000  -5.87707e-01 -8.25093e-01   5.87707e-01  8.25093e-01     TBD             TBD
                (-1.68473)   (-5.61943)    (-1.68473)   (-5.61943)
Calling MATLAB single-file implementation
Angle  Cosine              S1                        S2             Intensity         Polzn
0.00   1.0000  -8.38660e-01 -8.64770e-01  -8.38660e-01 -8.64770e-01     TBD             TBD
                (-1.43586)   (-4.53911)    (-1.43586)   (-4.53911)
0.52   0.8660  -8.19220e-01 -8.61720e-01  -7.21780e-01 -7.27860e-01     TBD             TBD
                (-1.44815)   (-4.60321)    (-1.44310)   (-4.99865)
1.05   0.5000  -7.68160e-01 -8.53700e-01  -4.19450e-01 -3.72970e-01     TBD             TBD
                (-1.48430)   (-4.78417)    (-1.45661)   (-9.08487)
1.57   0.0000  -7.03030e-01 -8.43420e-01  -4.44460e-02  6.94420e-02     TBD             TBD
                (-1.54059)   (-5.04539)    (-1.22683)   (-1.12318)
2.09  -0.5000  -6.42980e-01 -8.33900e-01   2.90110e-01  4.67300e-01     TBD             TBD
                (-1.60660)   (-5.32358)    (-1.65896)   (-3.80047)
2.62  -0.8660  -6.02070e-01 -8.27390e-01   5.11400e-01  7.32910e-01     TBD             TBD
                (-1.66245)   (-5.53842)    (-1.67298)   (-5.09510)
3.14  -1.0000  -5.87710e-01 -8.25090e-01   5.87710e-01  8.25090e-01     TBD             TBD
                (-1.68474)   (-5.61941)    (-1.68474)   (-5.61941)
Calling MATLAB multi-file
Angle  Cosine              S1                        S2             Intensity         Polzn
0.00   1.0000  -8.38660e-01 -8.64770e-01  -8.38660e-01 -8.64770e-01     TBD             TBD
                (-1.43586)   (-4.53911)    (-1.43586)   (-4.53911)
0.52   0.8660  -8.19220e-01 -8.61720e-01  -7.21780e-01 -7.27860e-01     TBD             TBD
                (-1.44815)   (-4.60321)    (-1.44310)   (-4.99865)
1.05   0.5000  -7.68160e-01 -8.53700e-01  -4.19450e-01 -3.72970e-01     TBD             TBD
                (-1.48430)   (-4.78417)    (-1.45661)   (-9.08487)
1.57   0.0000  -7.03030e-01 -8.43420e-01  -4.44460e-02  6.94420e-02     TBD             TBD
                (-1.54059)   (-5.04539)    (-1.22683)   (-1.12318)
2.09  -0.5000  -6.42980e-01 -8.33900e-01   2.90110e-01  4.67300e-01     TBD             TBD
                (-1.60660)   (-5.32358)    (-1.65896)   (-3.80047)
2.62  -0.8660  -6.02070e-01 -8.27390e-01   5.11400e-01  7.32910e-01     TBD             TBD
                (-1.66245)   (-5.53842)    (-1.67298)   (-5.09510)
3.14  -1.0000  -5.87710e-01 -8.25090e-01   5.87710e-01  8.25090e-01     TBD             TBD
                (-1.68474)   (-5.61941)    (-1.68474)   (-5.61941)
---------------------------------------------------------------

Case 15
Refractive index = 1.5000-1.0000j
Size parameter = 100.0000

bhmie, Python implementation:
Angle  Cosine              S1                        S2             Intensity         Polzn
0.00   1.0000   5.23755e+03  5.06416e+02   5.23755e+03  5.06416e+02     TBD             TBD
                ( 0.99882)   (-1.72593)    ( 0.99882)   (-1.72593)
0.52   0.8660   6.28683e+01  3.07333e+01   1.19449e+02 -2.55182e+01     TBD             TBD
                ( 1.55267)   (-1.61886)    ( 5.91568)   (-8.20328)
1.05   0.5000  -6.47225e+01  4.65993e+01   1.40437e+02  1.67284e+02     TBD             TBD
                ( 2.44528)   (-2.41501)    ( 15.34374)   (-22.39351)
1.57   0.0000   4.29063e+01 -8.27049e+01  -1.49434e+02  9.62684e+01     TBD             TBD
                ( 3.38141)   (-3.44967)    ( 12.12040)   (-12.30555)
2.09  -0.5000   2.30710e+01 -1.04202e+02  -5.50612e+01  1.28220e+02     TBD             TBD
                ( 4.47990)   (-4.54884)    ( 7.67580)   (-7.74527)
2.62  -0.8660  -8.75344e+01 -7.72335e+01   8.97899e+01  8.62924e+01     TBD             TBD
                ( 5.45252)   (-5.44419)    ( 6.20074)   (-6.19208)
3.14  -1.0000  -1.17699e+02 -2.54221e+01   1.17699e+02  2.54221e+01     TBD             TBD
                ( 5.79981)   (-5.79826)    ( 5.79981)   (-5.79826)
bhmie, FORTRAN implementation:
Angle  Cosine              S1                        S2             Intensity         Polzn
0.00   1.0000   5.23755e+03  5.06416e+02   5.23755e+03  5.06416e+02     TBD             TBD
                ( 0.99882)   (-1.72593)    ( 0.99882)   (-1.72593)
0.52   0.8660   6.28683e+01  3.07333e+01   1.19449e+02 -2.55182e+01     TBD             TBD
                ( 1.55267)   (-1.61886)    ( 5.91568)   (-8.20328)
1.05   0.5000  -6.47225e+01  4.65993e+01   1.40437e+02  1.67284e+02     TBD             TBD
                ( 2.44528)   (-2.41501)    ( 15.34374)   (-22.39352)
1.57   0.0000   4.29063e+01 -8.27049e+01  -1.49434e+02  9.62684e+01     TBD             TBD
                ( 3.38141)   (-3.44967)    ( 12.12040)   (-12.30555)
2.09  -0.5000   2.30710e+01 -1.04202e+02  -5.50612e+01  1.28220e+02     TBD             TBD
                ( 4.47990)   (-4.54884)    ( 7.67580)   (-7.74527)
2.62  -0.8660  -8.75345e+01 -7.72336e+01   8.97899e+01  8.62924e+01     TBD             TBD
                ( 5.45252)   (-5.44419)    ( 6.20074)   (-6.19208)
3.14  -1.0000  -1.17699e+02 -2.54221e+01   1.17699e+02  2.54221e+01     TBD             TBD
                ( 5.79981)   (-5.79827)    ( 5.79981)   (-5.79827)
Calling MATLAB single-file implementation
Angle  Cosine              S1                        S2             Intensity         Polzn
0.00   1.0000   5.23755e+03  5.06416e+02   5.23755e+03  5.06416e+02     TBD             TBD
                ( 0.99882)   (-1.72593)    ( 0.99882)   (-1.72593)
0.52   0.8660   6.28683e+01  3.07333e+01   1.19449e+02 -2.55182e+01     TBD             TBD
                ( 1.55267)   (-1.61886)    ( 5.91568)   (-8.20328)
1.05   0.5000  -6.47225e+01  4.65993e+01   1.40437e+02  1.67284e+02     TBD             TBD
                ( 2.44528)   (-2.41502)    ( 15.34374)   (-22.39350)
1.57   0.0000   4.29063e+01 -8.27049e+01  -1.49434e+02  9.62684e+01     TBD             TBD
                ( 3.38140)   (-3.44967)    ( 12.12040)   (-12.30555)
2.09  -0.5000   2.30710e+01 -1.04202e+02  -5.50612e+01  1.28220e+02     TBD             TBD
                ( 4.47990)   (-4.54884)    ( 7.67579)   (-7.74527)
2.62  -0.8660  -8.75344e+01 -7.72335e+01   8.97899e+01  8.62924e+01     TBD             TBD
                ( 5.45252)   (-5.44419)    ( 6.20074)   (-6.19208)
3.14  -1.0000  -1.17699e+02 -2.54221e+01   1.17699e+02  2.54221e+01     TBD             TBD
                ( 5.79980)   (-5.79826)    ( 5.79980)   (-5.79826)
Calling MATLAB multi-file
Angle  Cosine              S1                        S2             Intensity         Polzn
0.00   1.0000   5.23755e+03  5.06416e+02   5.23755e+03  5.06416e+02     TBD             TBD
                ( 0.99882)   (-1.72593)    ( 0.99882)   (-1.72593)
0.52   0.8660   6.28683e+01  3.07333e+01   1.19449e+02 -2.55182e+01     TBD             TBD
                ( 1.55267)   (-1.61886)    ( 5.91568)   (-8.20328)
1.05   0.5000  -6.47225e+01  4.65993e+01   1.40437e+02  1.67284e+02     TBD             TBD
                ( 2.44528)   (-2.41502)    ( 15.34374)   (-22.39350)
1.57   0.0000   4.29063e+01 -8.27049e+01  -1.49434e+02  9.62684e+01     TBD             TBD
                ( 3.38140)   (-3.44967)    ( 12.12040)   (-12.30555)
2.09  -0.5000   2.30710e+01 -1.04202e+02  -5.50612e+01  1.28220e+02     TBD             TBD
                ( 4.47990)   (-4.54884)    ( 7.67579)   (-7.74527)
2.62  -0.8660  -8.75344e+01 -7.72335e+01   8.97899e+01  8.62924e+01     TBD             TBD
                ( 5.45252)   (-5.44419)    ( 6.20074)   (-6.19208)
3.14  -1.0000  -1.17699e+02 -2.54221e+01   1.17699e+02  2.54221e+01     TBD             TBD
                ( 5.79980)   (-5.79826)    ( 5.79980)   (-5.79826)
---------------------------------------------------------------

Case 16
Refractive index = 1.5000-1.0000j
Size parameter = 10000.0000

bhmie, Python implementation:
Angle  Cosine              S1                        S2             Intensity         Polzn
0.00   1.0000   5.01092e+07  1.96606e+05   5.01092e+07  1.96606e+05     TBD             TBD
                ( 1.00000)   (-1.12128)    ( 1.00000)   (-1.12128)
0.52   0.8660  -5.73438e+03  2.44358e+03  -5.48004e+03  1.07861e+04     TBD             TBD
                ( 1.55387)   (-1.55257)    ( 5.87157)   (-5.86284)
1.05   0.5000   5.64021e+02 -7.65841e+03  -2.02916e+04  3.17400e+03     TBD             TBD
                ( 2.35839)   (-2.35804)    ( 16.86816)   (-16.70837)
1.57   0.0000  -8.87155e+03 -2.52211e+03   1.17302e+04  1.23281e+04     TBD             TBD
                ( 3.40237)   (-3.40143)    ( 11.57879)   (-11.57931)
2.09  -0.5000  -2.80457e+03 -1.02723e+04   1.02375e+03  1.38074e+04     TBD             TBD
                ( 4.53583)   (-4.53529)    ( 7.66956)   (-7.66710)
2.62  -0.8660  -1.83458e+03 -1.15241e+04   1.41968e+03  1.23574e+04     TBD             TBD
                ( 5.44707)   (-5.44683)    ( 6.18903)   (-6.18873)
3.14  -1.0000  -1.26714e+03  1.19747e+04   1.26714e+03 -1.19747e+04     TBD             TBD
                ( 5.79999)   (-5.80000)    ( 5.79999)   (-5.80000)
bhmie, FORTRAN implementation:
Angle  Cosine              S1                        S2             Intensity         Polzn
0.00   1.0000   5.01091e+07  1.96606e+05   5.01091e+07  1.96606e+05     TBD             TBD
                ( 1.00000)   (-1.12128)    ( 1.00000)   (-1.12128)
0.52   0.8660  -5.73438e+03  2.44358e+03  -5.48004e+03  1.07861e+04     TBD             TBD
                ( 1.55387)   (-1.55257)    ( 5.87157)   (-5.86283)
1.05   0.5000   5.64021e+02 -7.65841e+03  -2.02916e+04  3.17400e+03     TBD             TBD
                ( 2.35839)   (-2.35804)    ( 16.86818)   (-16.70837)
1.57   0.0000  -8.87157e+03 -2.52210e+03   1.17302e+04  1.23281e+04     TBD             TBD
                ( 3.40237)   (-3.40142)    ( 11.57883)   (-11.57930)
2.09  -0.5000  -2.80457e+03 -1.02723e+04   1.02375e+03  1.38074e+04     TBD             TBD
                ( 4.53582)   (-4.53530)    ( 7.66953)   (-7.66710)
2.62  -0.8660  -1.83459e+03 -1.15241e+04   1.41968e+03  1.23573e+04     TBD             TBD
                ( 5.44708)   (-5.44684)    ( 6.18902)   (-6.18872)
3.14  -1.0000  -1.26714e+03  1.19747e+04   1.26714e+03 -1.19747e+04     TBD             TBD
                ( 5.80000)   (-5.79999)    ( 5.80000)   (-5.79999)
Calling MATLAB single-file implementation
Angle  Cosine              S1                        S2             Intensity         Polzn
0.00   1.0000   5.01092e+07  1.96606e+05   5.01092e+07  1.96606e+05     TBD             TBD
                ( 1.00000)   (-1.12128)    ( 1.00000)   (-1.12128)
0.52   0.8660  -5.73438e+03  2.44358e+03  -5.48004e+03  1.07861e+04     TBD             TBD
                ( 1.55387)   (-1.55257)    ( 5.87157)   (-5.86284)
1.05   0.5000   5.64020e+02 -7.65841e+03  -2.02916e+04  3.17400e+03     TBD             TBD
                ( 2.35839)   (-2.35804)    ( 16.86816)   (-16.70837)
1.57   0.0000  -8.87155e+03 -2.52211e+03   1.17302e+04  1.23281e+04     TBD             TBD
                ( 3.40237)   (-3.40143)    ( 11.57879)   (-11.57931)
2.09  -0.5000  -2.80457e+03 -1.02723e+04   1.02375e+03  1.38074e+04     TBD             TBD
                ( 4.53583)   (-4.53529)    ( 7.66956)   (-7.66710)
2.62  -0.8660  -1.83458e+03 -1.15241e+04   1.41968e+03  1.23574e+04     TBD             TBD
                ( 5.44707)   (-5.44683)    ( 6.18903)   (-6.18873)
3.14  -1.0000  -1.26714e+03  1.19747e+04   1.26714e+03 -1.19747e+04     TBD             TBD
                ( 5.79999)   (-5.80000)    ( 5.79999)   (-5.80000)
Calling MATLAB multi-file
Angle  Cosine              S1                        S2             Intensity         Polzn
0.00   1.0000   5.01092e+07  1.96606e+05   5.01092e+07  1.96606e+05     TBD             TBD
                ( 1.00000)   (-1.12128)    ( 1.00000)   (-1.12128)
0.52   0.8660  -5.73438e+03  2.44358e+03  -5.48004e+03  1.07861e+04     TBD             TBD
                ( 1.55387)   (-1.55257)    ( 5.87157)   (-5.86284)
1.05   0.5000   5.64021e+02 -7.65841e+03  -2.02916e+04  3.17400e+03     TBD             TBD
                ( 2.35839)   (-2.35804)    ( 16.86816)   (-16.70837)
1.57   0.0000  -8.87155e+03 -2.52211e+03   1.17302e+04  1.23281e+04     TBD             TBD
                ( 3.40237)   (-3.40143)    ( 11.57879)   (-11.57931)
2.09  -0.5000  -2.80457e+03 -1.02723e+04   1.02375e+03  1.38074e+04     TBD             TBD
                ( 4.53583)   (-4.53529)    ( 7.66956)   (-7.66710)
2.62  -0.8660  -1.83458e+03 -1.15241e+04   1.41968e+03  1.23574e+04     TBD             TBD
                ( 5.44707)   (-5.44683)    ( 6.18903)   (-6.18873)
3.14  -1.0000  -1.26714e+03  1.19747e+04   1.26714e+03 -1.19747e+04     TBD             TBD
                ( 5.79999)   (-5.80000)    ( 5.79999)   (-5.80000)
---------------------------------------------------------------

Case 17
Refractive index = 10.0000-10.0000j
Size parameter = 1.0000

bhmie, Python implementation:
Angle  Cosine              S1                        S2             Intensity         Polzn
0.00   1.0000   4.88197e-01 -5.49321e-01   4.88197e-01 -5.49321e-01     TBD             TBD
                ( 0.77094)   (-1.31438)    ( 0.77094)   (-1.31438)
0.52   0.8660   4.90068e-01 -5.94775e-01   4.26082e-01 -4.05521e-01     TBD             TBD
                ( 0.79527)   (-1.29379)    ( 0.76452)   (-1.37263)
1.05   0.5000   4.91580e-01 -7.05166e-01   2.55601e-01 -4.61426e-02     TBD             TBD
                ( 0.85696)   (-1.25866)    ( 0.72509)   ( 7.79224)
1.57   0.0000   4.85961e-01 -8.25539e-01   2.10272e-02  3.70314e-01     TBD             TBD
                ( 0.92765)   (-1.23670)    ( 0.26680)   (-1.07789)
2.09  -0.5000   4.72698e-01 -9.14068e-01  -2.15265e-01  7.07954e-01     TBD             TBD
                ( 0.97952)   (-1.22957)    ( 1.14429)   (-1.17430)
2.62  -0.8660   4.58862e-01 -9.60648e-01  -3.89189e-01  9.09423e-01     TBD             TBD
                ( 1.00403)   (-1.23004)    ( 1.02583)   (-1.21690)
3.14  -1.0000   4.53029e-01 -9.74133e-01  -4.53029e-01  9.74133e-01     TBD             TBD
                ( 1.00999)   (-1.23115)    ( 1.00999)   (-1.23115)
bhmie, FORTRAN implementation:
Angle  Cosine              S1                        S2             Intensity         Polzn
0.00   1.0000   4.88197e-01 -5.49324e-01   4.88197e-01 -5.49324e-01     TBD             TBD
                ( 0.77094)   (-1.31439)    ( 0.77094)   (-1.31439)
0.52   0.8660   4.90068e-01 -5.94775e-01   4.26082e-01 -4.05521e-01     TBD             TBD
                ( 0.79527)   (-1.29379)    ( 0.76452)   (-1.37263)
1.05   0.5000   4.91580e-01 -7.05166e-01   2.55601e-01 -4.61428e-02     TBD             TBD
                ( 0.85696)   (-1.25866)    ( 0.72509)   ( 7.79227)
1.57   0.0000   4.85961e-01 -8.25539e-01   2.10272e-02  3.70314e-01     TBD             TBD
                ( 0.92765)   (-1.23670)    ( 0.26680)   (-1.07789)
2.09  -0.5000   4.72698e-01 -9.14068e-01  -2.15265e-01  7.07954e-01     TBD             TBD
                ( 0.97952)   (-1.22957)    ( 1.14429)   (-1.17430)
2.62  -0.8660   4.58862e-01 -9.60648e-01  -3.89190e-01  9.09423e-01     TBD             TBD
                ( 1.00403)   (-1.23004)    ( 1.02583)   (-1.21690)
3.14  -1.0000   4.53029e-01 -9.74133e-01  -4.53029e-01  9.74133e-01     TBD             TBD
                ( 1.00999)   (-1.23115)    ( 1.00999)   (-1.23115)
Calling MATLAB single-file implementation
Angle  Cosine              S1                        S2             Intensity         Polzn
0.00   1.0000   4.88200e-01 -5.49320e-01   4.88200e-01 -5.49320e-01     TBD             TBD
                ( 0.77095)   (-1.31438)    ( 0.77095)   (-1.31438)
0.52   0.8660   4.90070e-01 -5.94770e-01   4.26080e-01 -4.05520e-01     TBD             TBD
                ( 0.79528)   (-1.29378)    ( 0.76452)   (-1.37263)
1.05   0.5000   4.91580e-01 -7.05170e-01   2.55600e-01 -4.61430e-02     TBD             TBD
                ( 0.85696)   (-1.25867)    ( 0.72508)   ( 7.79230)
1.57   0.0000   4.85960e-01 -8.25540e-01   2.10270e-02  3.70310e-01     TBD             TBD
                ( 0.92765)   (-1.23670)    ( 0.26680)   (-1.07788)
2.09  -0.5000   4.72700e-01 -9.14070e-01  -2.15270e-01  7.07950e-01     TBD             TBD
                ( 0.97952)   (-1.22957)    ( 1.14432)   (-1.17429)
2.62  -0.8660   4.58860e-01 -9.60650e-01  -3.89190e-01  9.09420e-01     TBD             TBD
                ( 1.00402)   (-1.23005)    ( 1.02583)   (-1.21690)
3.14  -1.0000   4.53030e-01 -9.74130e-01  -4.53030e-01  9.74130e-01     TBD             TBD
                ( 1.01000)   (-1.23115)    ( 1.01000)   (-1.23115)
Calling MATLAB multi-file
Angle  Cosine              S1                        S2             Intensity         Polzn
0.00   1.0000   4.88200e-01 -5.49320e-01   4.88200e-01 -5.49320e-01     TBD             TBD
                ( 0.77095)   (-1.31438)    ( 0.77095)   (-1.31438)
0.52   0.8660   4.90070e-01 -5.94770e-01   4.26080e-01 -4.05520e-01     TBD             TBD
                ( 0.79528)   (-1.29378)    ( 0.76452)   (-1.37263)
1.05   0.5000   4.91580e-01 -7.05170e-01   2.55600e-01 -4.61430e-02     TBD             TBD
                ( 0.85696)   (-1.25867)    ( 0.72508)   ( 7.79230)
1.57   0.0000   4.85960e-01 -8.25540e-01   2.10270e-02  3.70310e-01     TBD             TBD
                ( 0.92765)   (-1.23670)    ( 0.26680)   (-1.07788)
2.09  -0.5000   4.72700e-01 -9.14070e-01  -2.15270e-01  7.07950e-01     TBD             TBD
                ( 0.97952)   (-1.22957)    ( 1.14432)   (-1.17429)
2.62  -0.8660   4.58860e-01 -9.60650e-01  -3.89190e-01  9.09420e-01     TBD             TBD
                ( 1.00402)   (-1.23005)    ( 1.02583)   (-1.21690)
3.14  -1.0000   4.53030e-01 -9.74130e-01  -4.53030e-01  9.74130e-01     TBD             TBD
                ( 1.01000)   (-1.23115)    ( 1.01000)   (-1.23115)
---------------------------------------------------------------

Case 18
Refractive index = 10.0000-10.0000j
Size parameter = 100.0000

bhmie, Python implementation:
Angle  Cosine              S1                        S2             Intensity         Polzn
0.00   1.0000   4.98652e+03 -2.39729e+02   4.98652e+03 -2.39729e+02     TBD             TBD
                ( 0.96306)   ( 9.10198)    ( 0.96306)   ( 9.10198)
0.52   0.8660   5.50743e+01  1.22088e+01  -3.57517e+01 -8.68550e+00     TBD             TBD
                ( 1.05356)   (-0.96132)    ( 1.50201)   ( 22.42828)
1.05   0.5000  -2.97549e+01  4.38454e+01   3.10885e+01 -4.74113e+01     TBD             TBD
                ( 1.09971)   (-1.10952)    ( 1.20227)   (-1.42649)
1.57   0.0000   1.10046e+00 -5.37268e+01  -2.19551e+00  5.71031e+01     TBD             TBD
                ( 1.09079)   (-1.15219)    ( 0.63090)   (-1.30843)
2.09  -0.5000  -1.79118e+01 -5.14946e+01   1.63852e+01  5.37086e+01     TBD             TBD
                ( 1.18965)   (-1.18841)    ( 1.20423)   (-1.26722)
2.62  -0.8660  -5.47059e+01 -6.30789e+00   5.52977e+01  6.50139e+00     TBD             TBD
                ( 1.21278)   (-1.21316)    ( 1.23582)   (-1.19237)
3.14  -1.0000  -5.04947e+01  2.12892e+01   5.04947e+01 -2.12892e+01     TBD             TBD
                ( 1.21809)   (-1.16858)    ( 1.21809)   (-1.16858)
bhmie, FORTRAN implementation:
Angle  Cosine              S1                        S2             Intensity         Polzn
0.00   1.0000   4.98652e+03 -2.39729e+02   4.98652e+03 -2.39729e+02     TBD             TBD
                ( 0.96306)   ( 9.10198)    ( 0.96306)   ( 9.10198)
0.52   0.8660   5.50743e+01  1.22088e+01  -3.57517e+01 -8.68550e+00     TBD             TBD
                ( 1.05356)   (-0.96132)    ( 1.50201)   ( 22.42827)
1.05   0.5000  -2.97549e+01  4.38454e+01   3.10885e+01 -4.74113e+01     TBD             TBD
                ( 1.09971)   (-1.10952)    ( 1.20227)   (-1.42649)
1.57   0.0000   1.10045e+00 -5.37268e+01  -2.19551e+00  5.71031e+01     TBD             TBD
                ( 1.09079)   (-1.15219)    ( 0.63090)   (-1.30843)
2.09  -0.5000  -1.79118e+01 -5.14946e+01   1.63852e+01  5.37086e+01     TBD             TBD
                ( 1.18965)   (-1.18841)    ( 1.20423)   (-1.26722)
2.62  -0.8660  -5.47059e+01 -6.30789e+00   5.52977e+01  6.50139e+00     TBD             TBD
                ( 1.21278)   (-1.21316)    ( 1.23582)   (-1.19237)
3.14  -1.0000  -5.04947e+01  2.12892e+01   5.04947e+01 -2.12892e+01     TBD             TBD
                ( 1.21809)   (-1.16858)    ( 1.21809)   (-1.16858)
Calling MATLAB single-file implementation
Angle  Cosine              S1                        S2             Intensity         Polzn
0.00   1.0000   4.98652e+03 -2.39729e+02   4.98652e+03 -2.39729e+02     TBD             TBD
                ( 0.96306)   ( 9.10198)    ( 0.96306)   ( 9.10198)
0.52   0.8660   5.50743e+01  1.22088e+01  -3.57517e+01 -8.68550e+00     TBD             TBD
                ( 1.05356)   (-0.96131)    ( 1.50201)   ( 22.42828)
1.05   0.5000  -2.97549e+01  4.38454e+01   3.10885e+01 -4.74113e+01     TBD             TBD
                ( 1.09971)   (-1.10952)    ( 1.20227)   (-1.42649)
1.57   0.0000   1.10050e+00 -5.37268e+01  -2.19550e+00  5.71031e+01     TBD             TBD
                ( 1.09084)   (-1.15219)    ( 0.63090)   (-1.30843)
2.09  -0.5000  -1.79118e+01 -5.14946e+01   1.63852e+01  5.37086e+01     TBD             TBD
                ( 1.18965)   (-1.18841)    ( 1.20423)   (-1.26722)
2.62  -0.8660  -5.47059e+01 -6.30790e+00   5.52977e+01  6.50140e+00     TBD             TBD
                ( 1.21278)   (-1.21316)    ( 1.23582)   (-1.19237)
3.14  -1.0000  -5.04947e+01  2.12892e+01   5.04947e+01 -2.12892e+01     TBD             TBD
                ( 1.21809)   (-1.16858)    ( 1.21809)   (-1.16858)
Calling MATLAB multi-file
Angle  Cosine              S1                        S2             Intensity         Polzn
0.00   1.0000   4.98652e+03 -2.39729e+02   4.98652e+03 -2.39729e+02     TBD             TBD
                ( 0.96306)   ( 9.10198)    ( 0.96306)   ( 9.10198)
0.52   0.8660   5.50743e+01  1.22088e+01  -3.57517e+01 -8.68550e+00     TBD             TBD
                ( 1.05356)   (-0.96131)    ( 1.50201)   ( 22.42828)
1.05   0.5000  -2.97549e+01  4.38454e+01   3.10885e+01 -4.74113e+01     TBD             TBD
                ( 1.09971)   (-1.10952)    ( 1.20227)   (-1.42649)
1.57   0.0000   1.10050e+00 -5.37268e+01  -2.19550e+00  5.71031e+01     TBD             TBD
                ( 1.09084)   (-1.15219)    ( 0.63090)   (-1.30843)
2.09  -0.5000  -1.79118e+01 -5.14946e+01   1.63852e+01  5.37086e+01     TBD             TBD
                ( 1.18965)   (-1.18841)    ( 1.20423)   (-1.26722)
2.62  -0.8660  -5.47059e+01 -6.30790e+00   5.52977e+01  6.50140e+00     TBD             TBD
                ( 1.21278)   (-1.21316)    ( 1.23582)   (-1.19237)
3.14  -1.0000  -5.04947e+01  2.12892e+01   5.04947e+01 -2.12892e+01     TBD             TBD
                ( 1.21809)   (-1.16858)    ( 1.21809)   (-1.16858)
---------------------------------------------------------------

Case 19
Refractive index = 10.0000-10.0000j
Size parameter = 10000.0000

bhmie, Python implementation:
Angle  Cosine              S1                        S2             Intensity         Polzn
0.00   1.0000   5.01405e+07  2.28976e+05   5.01405e+07  2.28976e+05     TBD             TBD
                ( 0.99985)   (-1.89863)    ( 0.99985)   (-1.89863)
0.52   0.8660  -4.29617e+03  2.80630e+03   7.13800e+03 -1.56708e+03     TBD             TBD
                ( 1.05296)   (-1.05326)    ( 2.12993)   (-2.14907)
1.05   0.5000  -1.35262e+03 -5.07882e+03   6.70381e+02  6.06471e+03     TBD             TBD
                ( 1.10505)   (-1.10491)    ( 1.49058)   (-1.48900)
1.57   0.0000  -5.27360e+03  9.89308e+02   5.72007e+03 -6.59157e+02     TBD             TBD
                ( 1.15157)   (-1.15163)    ( 1.32612)   (-1.32635)
2.09  -0.5000  -3.98971e+03 -3.71489e+03   3.99447e+03  3.94048e+03     TBD             TBD
                ( 1.18873)   (-1.18872)    ( 1.25933)   (-1.25931)
2.62  -0.8660  -3.81951e+03 -3.96597e+03   3.81833e+03  4.02012e+03     TBD             TBD
                ( 1.21270)   (-1.21270)    ( 1.22964)   (-1.22964)
3.14  -1.0000   2.75027e+03  4.79175e+03  -2.75027e+03 -4.79175e+03     TBD             TBD
                ( 1.22100)   (-1.22099)    ( 1.22100)   (-1.22099)
bhmie, FORTRAN implementation:
Angle  Cosine              S1                        S2             Intensity         Polzn
0.00   1.0000   5.01406e+07  2.28976e+05   5.01406e+07  2.28976e+05     TBD             TBD
                ( 0.99986)   (-1.89864)    ( 0.99986)   (-1.89864)
0.52   0.8660  -4.29617e+03  2.80630e+03   7.13801e+03 -1.56708e+03     TBD             TBD
                ( 1.05296)   (-1.05326)    ( 2.12993)   (-2.14907)
1.05   0.5000  -1.35262e+03 -5.07881e+03   6.70382e+02  6.06471e+03     TBD             TBD
                ( 1.10505)   (-1.10491)    ( 1.49058)   (-1.48900)
1.57   0.0000  -5.27359e+03  9.89307e+02   5.72006e+03 -6.59156e+02     TBD             TBD
                ( 1.15157)   (-1.15163)    ( 1.32612)   (-1.32634)
2.09  -0.5000  -3.98971e+03 -3.71490e+03   3.99447e+03  3.94048e+03     TBD             TBD
                ( 1.18873)   (-1.18872)    ( 1.25933)   (-1.25932)
2.62  -0.8660  -3.81952e+03 -3.96597e+03   3.81833e+03  4.02010e+03     TBD             TBD
                ( 1.21271)   (-1.21270)    ( 1.22964)   (-1.22963)
3.14  -1.0000   2.75025e+03  4.79176e+03  -2.75025e+03 -4.79176e+03     TBD             TBD
                ( 1.22099)   (-1.22100)    ( 1.22099)   (-1.22100)
Calling MATLAB single-file implementation
Angle  Cosine              S1                        S2             Intensity         Polzn
0.00   1.0000   5.01405e+07  2.28976e+05   5.01405e+07  2.28976e+05     TBD             TBD
                ( 0.99985)   (-1.89863)    ( 0.99985)   (-1.89863)
0.52   0.8660  -4.29617e+03  2.80630e+03   7.13800e+03 -1.56708e+03     TBD             TBD
                ( 1.05296)   (-1.05326)    ( 2.12993)   (-2.14907)
1.05   0.5000  -1.35262e+03 -5.07882e+03   6.70381e+02  6.06471e+03     TBD             TBD
                ( 1.10505)   (-1.10491)    ( 1.49058)   (-1.48900)
1.57   0.0000  -5.27360e+03  9.89308e+02   5.72007e+03 -6.59157e+02     TBD             TBD
                ( 1.15157)   (-1.15163)    ( 1.32612)   (-1.32635)
2.09  -0.5000  -3.98971e+03 -3.71489e+03   3.99447e+03  3.94048e+03     TBD             TBD
                ( 1.18873)   (-1.18872)    ( 1.25933)   (-1.25931)
2.62  -0.8660  -3.81951e+03 -3.96597e+03   3.81833e+03  4.02012e+03     TBD             TBD
                ( 1.21270)   (-1.21270)    ( 1.22964)   (-1.22964)
3.14  -1.0000   2.75027e+03  4.79175e+03  -2.75027e+03 -4.79175e+03     TBD             TBD
                ( 1.22100)   (-1.22099)    ( 1.22100)   (-1.22099)
Calling MATLAB multi-file
Angle  Cosine              S1                        S2             Intensity         Polzn
0.00   1.0000   5.01405e+07  2.28976e+05   5.01405e+07  2.28976e+05     TBD             TBD
                ( 0.99985)   (-1.89863)    ( 0.99985)   (-1.89863)
0.52   0.8660  -4.29617e+03  2.80630e+03   7.13800e+03 -1.56708e+03     TBD             TBD
                ( 1.05296)   (-1.05326)    ( 2.12993)   (-2.14907)
1.05   0.5000  -1.35262e+03 -5.07882e+03   6.70381e+02  6.06471e+03     TBD             TBD
                ( 1.10505)   (-1.10491)    ( 1.49058)   (-1.48900)
1.57   0.0000  -5.27360e+03  9.89308e+02   5.72007e+03 -6.59157e+02     TBD             TBD
                ( 1.15157)   (-1.15163)    ( 1.32612)   (-1.32635)
2.09  -0.5000  -3.98971e+03 -3.71489e+03   3.99447e+03  3.94048e+03     TBD             TBD
                ( 1.18873)   (-1.18872)    ( 1.25933)   (-1.25931)
2.62  -0.8660  -3.81951e+03 -3.96597e+03   3.81833e+03  4.02012e+03     TBD             TBD
                ( 1.21270)   (-1.21270)    ( 1.22964)   (-1.22964)
3.14  -1.0000   2.75027e+03  4.79175e+03  -2.75027e+03 -4.79175e+03     TBD             TBD
                ( 1.22100)   (-1.22099)    ( 1.22100)   (-1.22099)
